,day,mouse_1,mouse_2,mouse_3,mouse_4,mouse_5,mouse_6,mouse_7,mouse_8,mean,std
0,0,,0.0,0.0,,,0.0,,0.0,0.0,0.0
1,1,0.0,,0.0,,0.0,2.0,0.0,5.0,1.1666666666666667,2.0412414523193148
2,2,,0.0,0.0,,0.0,,0.0,0.0,0.0,0.0
3,3,,0.0,0.0,,0.0,0.0,,,0.0,0.0
4,4,,,,,,,,,,
5,5,,,,,,,,,,
6,6,,0.0,,,,0.0,0.0,0.0,0.0,0.0
7,7,,,,,,,,,,
8,8,0.0,0.0,0.0,0.0,0.0,0.0,0.0,0.0,0.0,0.0
9,9,0.0,0.0,25.0,0.0,0.0,21.0,0.0,0.0,5.75,10.700467279516348
10,10,0.0,0.0,0.0,0.0,0.0,0.0,0.0,0.0,0.0,0.0
11,11,,,,,,,,,,
12,12,,,,,,,,,,
13,13,,,12.0,0.0,7.0,11.0,6.0,214.0,41.666666666666664,84.53322818079684
14,14,,27.0,38.0,,,16.0,3.0,25.0,21.8,13.103434664239755
15,15,8.0,21.0,0.0,37.0,84.0,162.0,5.0,164.0,60.125,68.84234058443144
16,16,,,,,,,,,,
17,17,0.0,35.0,0.0,4.0,0.0,12.0,0.0,4.0,6.875,12.088217403736582
18,18,,,,,,,,,,
19,19,,,,,,,,,,
20,20,0.0,1.0,0.0,6.0,0.0,0.0,0.0,0.0,0.875,2.100170061141308
21,21,0.0,0.0,0.0,1.0,0.0,0.0,0.0,0.0,0.125,0.3535533905932738
22,22,0.0,0.0,1.0,0.0,0.0,0.0,0.0,0.0,0.125,0.3535533905932738
23,23,0.0,0.0,6.0,1.0,0.0,0.0,0.0,2.0,1.125,2.100170061141308
24,24,0.0,0.0,1.0,2.0,0.0,0.0,1.0,6.0,1.25,2.052872551885702
25,25,,,,,,,,,,
26,26,,,,,,,,,,
27,27,0.0,0.0,1.0,0.0,0.0,0.0,12.0,0.0,1.625,4.2067123233504535
28,28,0.0,0.0,5.0,0.0,0.0,0.0,1.0,4.0,1.25,2.052872551885702
29,29,0.0,0.0,4.0,0.0,0.0,0.0,5.0,2.0,1.375,2.065879266282796
30,30,0.0,0.0,3.0,0.0,0.0,0.0,1.0,3.0,0.875,1.3562026818605375
31,31,0.0,1.0,0.0,0.0,0.0,0.0,2.0,0.0,0.375,0.7440238091428449
32,32,,,,,,,,,,
33,33,,,,,,,,,,
34,34,1.0,0.0,1.0,1.0,0.0,0.0,1.0,0.0,0.5,0.5345224838248488
35,35,0.0,0.0,2.0,0.0,0.0,0.0,0.0,0.0,0.25,0.7071067811865476
36,36,0.0,0.0,2.0,0.0,0.0,0.0,0.0,0.0,0.25,0.7071067811865476
37,37,,,,,,,,,,
38,38,0.0,0.0,0.0,0.0,0.0,0.0,0.0,0.0,0.0,0.0
39,39,,,,,,,,,,
40,40,,,,,,,,,,
41,41,0.0,11.0,0.0,0.0,0.0,0.0,0.0,0.0,1.375,3.8890872965260113
42,42,0.0,0.0,0.0,0.0,0.0,0.0,0.0,0.0,0.0,0.0
43,43,0.0,0.0,2.0,0.0,0.0,0.0,1.0,0.0,0.375,0.7440238091428449
44,44,0.0,0.0,0.0,0.0,0.0,0.0,0.0,0.0,0.0,0.0
45,45,,,,,,,,,,
46,46,,,,,,,,,,
47,47,,,,,,,,,,
48,48,,,,,,,,,,
49,49,0.0,0.0,3.0,1.0,0.0,0.0,0.0,0.0,0.5,1.0690449676496976
50,50,,,,,,,,,,
51,51,1.0,0.0,0.0,0.0,0.0,3.0,3.0,0.0,0.875,1.3562026818605375
52,52,0.0,0.0,0.0,0.0,0.0,1.0,1.0,0.0,0.25,0.4629100498862757
53,53,,,,,,,,,,
54,54,,,,,,,,,,
55,55,,,,,,,,,,
56,56,0.0,0.0,0.0,0.0,0.0,0.0,0.0,0.0,0.0,0.0
57,57,0.0,1.0,4.0,0.0,0.0,8.0,1.0,0.0,1.75,2.866057521105554
58,58,0.0,0.0,1.0,0.0,0.0,1.0,2.0,3.0,0.875,1.1259916264596033
59,59,1.0,0.0,3.0,0.0,0.0,4.0,0.0,0.0,1.0,1.6035674514745464
60,60,,,,,,,,,,
61,61,,,,,,,,,,
62,62,,,,,,,,,,
63,63,8.0,0.0,8.0,1.0,0.0,1.0,1.0,2.0,2.625,3.3779748793788102
64,64,,,,,,,,,,
65,65,,,,,,,,,,
66,66,,,,,,,,,,
67,67,,,,,,,,,,
68,68,,,,,,,,,,
69,69,0.0,0.0,10.0,2.0,0.0,3.0,0.0,0.0,1.875,3.48209706929603
70,70,0.0,0.0,5.0,1.0,0.0,0.0,0.0,0.0,0.75,1.7525491637693282
71,71,,,,,,,,,,
72,72,0.0,0.0,0.0,0.0,0.0,1.0,0.0,0.0,0.125,0.3535533905932738
73,73,0.0,0.0,1.0,0.0,0.0,2.0,0.0,0.0,0.375,0.7440238091428449
74,74,,,,,,,,,,
75,75,,,,,,,,,,
76,76,,,,,,,,,,
77,77,0.0,0.0,0.0,0.0,0.0,0.0,3.0,0.0,0.375,1.0606601717798212
78,78,,,,,,,,,,
79,79,0.0,0.0,0.0,0.0,0.0,1.0,0.0,0.0,0.125,0.3535533905932738
80,80,,,,,,,,,,
81,81,,,,,,,,,,
82,82,,,,,,,,,,
83,83,0.0,1.0,2.0,0.0,0.0,0.0,0.0,0.0,0.375,0.7440238091428449
84,84,,,,,,,,,,
85,85,,,,,,,,,,
86,86,0.0,0.0,1.0,0.0,0.0,0.0,0.0,0.0,0.125,0.3535533905932738
87,87,,,,,,,,,,
88,88,,,,,,,,,,
89,89,,,,,,,,,,
90,90,0.0,0.0,0.0,0.0,0.0,0.0,0.0,0.0,0.0,0.0
91,91,,,,,,,,,,
92,92,,,,,,,,,,
93,93,,,,,,,,,,
94,94,,,,,,,,,,
95,95,,,,,,,,,,
96,96,,,,,,,,,,
97,97,0.0,4.0,0.0,0.0,0.0,0.0,0.0,0.0,0.5,1.4142135623730951
98,98,,,,,,,,,,
99,99,,,,,,,,,,
100,100,,,,,,,,,,
101,101,,,,,,,,,,
102,102,,,,,,,,,,
103,103,,,,,,,,,,
104,104,0.0,0.0,0.0,1.0,0.0,0.0,0.0,0.0,0.125,0.3535533905932738
105,105,,,,,,,,,,
106,106,,,,,,,,,,
107,107,,,,,,,,,,
108,108,,,,,,,,,,
109,109,,,,,,,,,,
110,110,,,,,,,,,,
111,111,1.0,1.0,1.0,1.0,0.0,1.0,0.0,1.0,0.75,0.4629100498862757
112,112,,,,,,,,,,
113,113,,,,,,,,,,
114,114,,,,,,,,,,
115,115,,,,,,,,,,
116,116,,,,,,,,,,
117,117,,,,,,,,,,
118,118,,,,,,,,,,
119,119,,,,,,,,,,
120,120,,,,,,,,,,
121,121,,,,,,,,,,
122,122,,,,,,,,,,
123,123,,,,,,,,,,
124,124,,,,,,,,,,
125,125,0.0,0.0,0.0,1.0,0.0,0.0,0.0,0.0,0.125,0.3535533905932738
126,126,,,,,,,,,,
127,127,,,,,,,,,,
128,128,,,,,,,,,,
129,129,,,,,,,,,,
130,130,,,,,,,,,,
131,131,,,,,,,,,,
132,132,,,,,,,,,,
133,133,0.0,1.0,0.0,0.0,1.0,0.0,0.0,0.0,0.25,0.4629100498862757
134,134,,,,,,,,,,
135,135,,,,,,,,,,
136,136,,,,,,,,,,
137,137,,,,,,,,,,
138,138,,,,,,,,,,
139,139,1.0,3.0,0.0,3.0,0.0,0.0,0.0,0.0,0.875,1.3562026818605375
140,140,,,,,,,,,,
141,141,,,,,,,,,,
142,142,,,,,,,,,,
143,143,,,,,,,,,,
144,144,,,,,,,,,,
145,145,,,,,,,,,,
146,146,,,,,,,,,,
147,147,3.0,3.0,0.0,0.0,2.0,0.0,0.0,0.0,1.0,1.4142135623730951
148,148,,,,,,,,,,
149,149,,,,,,,,,,
150,150,,,,,,,,,,
151,151,,,,,,,,,,
152,152,,,,,,,,,,
153,153,0.0,1.0,0.0,0.0,0.0,0.0,2.0,0.0,0.375,0.7440238091428449
154,154,,,,,,,,,,
155,155,,,,,,,,,,
156,156,,,,,,,,,,
157,157,,,,,,,,,,
158,158,,,,,,,,,,
159,159,,,,,,,,,,
160,160,,,,,,,,,,
161,161,0.0,2.0,0.0,0.0,0.0,0.0,0.0,1.0,0.375,0.7440238091428449
162,162,,,,,,,,,,
163,163,,,,,,,,,,
164,164,,,,,,,,,,
165,165,,,,,,,,,,
166,166,,,,,,,,,,
167,167,0.0,4.0,0.0,1.0,0.0,0.0,0.0,0.0,0.625,1.407885953173359
168,168,,,,,,,,,,
169,169,,,,,,,,,,
170,170,,,,,,,,,,
171,171,,,,,,,,,,
172,172,,,,,,,,,,
173,173,,,,,,,,,,
174,174,,,,,,,,,,
175,175,0.0,2.0,0.0,0.0,0.0,0.0,1.0,0.0,0.375,0.7440238091428449
176,176,,,,,,,,,,
177,177,,,,,,,,,,
178,178,,,,,,,,,,
179,179,,,,,,,,,,
180,180,,,,,,,,,,
181,181,0.0,2.0,0.0,0.0,0.0,0.0,0.0,0.0,0.25,0.7071067811865476
182,182,,,,,,,,,,
183,183,,,,,,,,,,
184,184,,,,,,,,,,
185,185,,,,,,,,,,
186,186,,,,,,,,,,
187,187,,,,,,,,,,
188,188,1.0,2.0,0.0,0.0,0.0,0.0,0.0,0.0,0.375,0.7440238091428449
189,189,,,,,,,,,,
190,190,,,,,,,,,,
191,191,,,,,,,,,,
192,192,,,,,,,,,,
193,193,,,,,,,,,,
194,194,,,,,,,,,,
195,195,0.0,0.0,0.0,1.0,0.0,0.0,0.0,0.0,0.125,0.3535533905932738
196,196,,,,,,,,,,
197,197,,,,,,,,,,
198,198,,,,,,,,,,
199,199,,,,,,,,,,
200,200,,,,,,,,,,
201,201,,,,,,,,,,
202,202,,,,,,,,,,
203,203,0.0,0.0,0.0,0.0,0.0,0.0,0.0,0.0,0.0,0.0
204,204,,,,,,,,,,
205,205,,,,,,,,,,
206,206,,,,,,,,,,
207,207,,,,,,,,,,
208,208,,,,,,,,,,
209,209,,,,,,,,,,
210,210,0.0,0.0,0.0,0.0,0.0,0.0,0.0,1.0,0.125,0.3535533905932738
211,211,,,,,,,,,,
212,212,,,,,,,,,,
213,213,,,,,,,,,,
214,214,,,,,,,,,,
215,215,,,,,,,,,,
216,216,0.0,0.0,0.0,0.0,0.0,1.0,0.0,0.0,0.125,0.3535533905932738
217,217,,,,,,,,,,
218,218,,,,,,,,,,
219,219,,,,,,,,,,
220,220,,,,,,,,,,
221,221,,,,,,,,,,
222,222,,,,,,,,,,
223,223,4.0,0.0,0.0,1.0,0.0,0.0,0.0,0.0,0.625,1.407885953173359
224,224,,,,,,,,,,
225,225,,,,,,,,,,
226,226,,,,,,,,,,
227,227,,,,,,,,,,
228,228,,,,,,,,,,
229,229,,,,,,,,,,
230,230,,,,,,,,,,
231,231,1.0,0.0,0.0,0.0,0.0,0.0,0.0,1.0,0.25,0.4629100498862757
232,232,,,,,,,,,,
233,233,,,,,,,,,,
234,234,,,,,,,,,,
235,235,,,,,,,,,,
236,236,,,,,,,,,,
237,237,,,,,,,,,,
238,238,1.0,0.0,0.0,0.0,0.0,0.0,0.0,0.0,0.125,0.3535533905932738
239,239,,,,,,,,,,
240,240,,,,,,,,,,
241,241,,,,,,,,,,
242,242,,,,,,,,,,
243,243,,,,,,,,,,
244,244,1.0,0.0,0.0,1.0,0.0,0.0,1.0,1.0,0.5,0.5345224838248488
245,245,,,,,,,,,,
246,246,,,,,,,,,,
247,247,,,,,,,,,,
248,248,,,,,,,,,,
249,249,,,,,,,,,,
250,250,,,,,,,,,,
251,251,,,,,,,,,,
252,252,0.0,1.0,0.0,0.0,0.0,0.0,0.0,1.0,0.25,0.4629100498862757
253,253,,,,,,,,,,
254,254,,,,,,,,,,
255,255,,,,,,,,,,
256,256,,,,,,,,,,
257,257,,,,,,,,,,
258,258,,,,,,,,,,
259,259,0.0,0.0,0.0,1.0,0.0,0.0,0.0,0.0,0.125,0.3535533905932738
260,260,,,,,,,,,,
261,261,,,,,,,,,,
262,262,,,,,,,,,,
263,263,,,,,,,,,,
264,264,,,,,,,,,,
265,265,,,,,,,,,,
266,266,,,,,,,,,,
267,267,0.0,0.0,1.0,2.0,0.0,0.0,0.0,0.0,0.375,0.7440238091428449
268,268,,,,,,,,,,
269,269,,,,,,,,,,
270,270,,,,,,,,,,
271,271,,,,,,,,,,
272,272,,,,,,,,,,
273,273,,,,,,,,,,
274,274,1.0,0.0,0.0,0.0,0.0,0.0,,0.0,0.14285714285714285,0.37796447300922725
275,275,,,,,,,,,,
276,276,,,,,,,,,,
277,277,,,,,,,,,,
278,278,,,,,,,,,,
279,279,1.0,0.0,1.0,0.0,0.0,0.0,0.0,2.0,0.5,0.7559289460184544
280,280,,,,,,,,,,
281,281,,,,,,,,,,
282,282,,,,,,,,,,
283,283,,,,,,,,,,
284,284,,,,,,,,,,
285,285,,,,,,,,,,
286,286,,,,,,,,,,
287,287,0.0,0.0,0.0,0.0,0.0,0.0,0.0,0.0,0.0,0.0
288,288,,,,,,,,,,
289,289,,,,,,,,,,
290,290,,,,,,,,,,
291,291,,,,,,,,,,
292,292,,,,,,,,,,
293,293,,,,,,,,,,
294,294,0.0,4.0,0.0,1.0,0.0,0.0,0.0,1.0,0.75,1.3887301496588271
295,295,,,,,,,,,,
296,296,,,,,,,,,,
297,297,,,,,,,,,,
298,298,,,,,,,,,,
299,299,,,,,,,,,,
300,300,,,,,,,,,,
301,301,,,,,,,,,,
302,302,,,,,,,,,,
303,303,0.0,1.0,0.0,0.0,0.0,0.0,1.0,0.0,0.25,0.4629100498862757
304,304,,,,,,,,,,
305,305,,,,,,,,,,
306,306,,,,,,,,,,
307,307,,,,,,,,,,
308,308,0.0,9.0,0.0,0.0,0.0,0.0,0.0,0.0,1.125,3.181980515339464
309,309,,,,,,,,,,
310,310,,,,,,,,,,
311,311,,,,,,,,,,
312,312,,,,,,,,,,
313,313,,,,,,,,,,
314,314,,,,,,,,,,
315,315,0.0,0.0,0.0,4.0,0.0,0.0,0.0,1.0,0.625,1.407885953173359
316,316,,,,,,,,,,
317,317,,,,,,,,,,
318,318,,,,,,,,,,
319,319,,,,,,,,,,
320,320,,,,,,,,,,
321,321,,,,,,,,,,
322,322,0.0,0.0,1.0,0.0,0.0,2.0,0.0,2.0,0.625,0.9161253813129043
323,323,,,,,,,,,,
324,324,,,,,,,,,,
325,325,,,,,,,,,,
326,326,,,,,,,,,,
327,327,,,,,,,,,,
328,328,,,,,,,,,,
329,329,2.0,0.0,0.0,0.0,0.0,4.0,2.0,2.0,1.25,1.4880476182856899
330,330,,,,,,,,,,
331,331,,,,,,,,,,
332,332,,,,,,,,,,
333,333,,,,,,,,,,
334,334,,,,,,,,,,
335,335,,,,,,,,,,
336,336,,,,,,,,,,
337,337,,,,,,,,,,
338,338,0.0,0.0,1.0,0.0,0.0,0.0,0.0,0.0,0.125,0.3535533905932738
339,339,,,,,,,,,,
340,340,,,,,,,,,,
341,341,,,,,,,,,,
342,342,,,,,,,,,,
343,343,,,,,,,,,,
344,344,,,,,,,,,,
345,345,,,,,,,,,,
346,346,0.0,0.0,0.0,0.0,0.0,0.0,0.0,0.0,0.0,0.0
347,347,,,,,,,,,,
348,348,,,,,,,,,,
349,349,,,,,,,,,,
350,350,,,,,,,,,,
351,351,,,,,,,,,,
352,352,2.0,1.0,0.0,0.0,0.0,0.0,0.0,0.0,0.375,0.7440238091428449
353,353,,,,,,,,,,
354,354,,,,,,,,,,
355,355,,,,,,,,,,
356,356,0.0,0.0,0.0,0.0,0.0,0.0,0.0,0.0,0.0,0.0
357,357,,,,,,,,,,
358,358,,,,,,,,,,
359,359,,,,,,,,,,
360,360,,,,,,,,,,
361,361,,,,,,,,,,
362,362,,,,,,,,,,
363,363,0.0,0.0,0.0,0.0,0.0,0.0,0.0,0.0,0.0,0.0
364,364,,,,,,,,,,
365,365,,,,,,,,,,
366,366,,,,,,,,,,
367,367,,,,,,,,,,
368,368,,,,,,,,,,
369,369,,,,,,,,,,
370,370,,,,,,,,,,
371,371,0.0,1.0,2.0,0.0,0.0,0.0,0.0,4.0,0.875,1.4577379737113252
372,372,,,,,,,,,,
373,373,,,,,,,,,,
374,374,,,,,,,,,,
375,375,,,,,,,,,,
376,376,,,,,,,,,,
377,377,4.0,0.0,2.0,0.0,3.0,1.0,0.0,3.0,1.625,1.5979898086569353
378,378,,,,,,,,,,
379,379,,,,,,,,,,
380,380,,,,,,,,,,
381,381,,,,,,,,,,
382,382,,,,,,,,,,
383,383,,,,,,,,,,
384,384,,,,,,,,,,
385,385,,,,,,,,,,
386,386,0.0,0.0,0.0,0.0,1.0,0.0,0.0,0.0,0.125,0.3535533905932738
387,387,,,,,,,,,,
388,388,,,,,,,,,,
389,389,,,,,,,,,,
390,390,,,,,,,,,,
391,391,,,,,,,,,,
392,392,,,,,,,,,,
393,393,1.0,0.0,0.0,0.0,1.0,1.0,0.0,0.0,0.375,0.5175491695067657
394,394,,,,,,,,,,
395,395,,,,,,,,,,
396,396,,,,,,,,,,
397,397,,,,,,,,,,
398,398,0.0,0.0,0.0,0.0,0.0,0.0,0.0,0.0,0.0,0.0
399,399,,,,,,,,,,
400,400,,,,,,,,,,
401,401,,,,,,,,,,
402,402,,,,,,,,,,
403,403,,,,,,,,,,
404,404,,,,,,,,,,
405,405,,,,,,,,,,
406,406,,,,,,,,,,
407,407,7.0,0.0,0.0,0.0,0.0,0.0,0.0,0.0,0.875,2.4748737341529163
408,408,,,,,,,,,,
409,409,,,,,,,,,,
410,410,,,,,,,,,,
411,411,,,,,,,,,,
412,412,,,,,,,,,,
413,413,,,,,,,,,,
414,414,1.0,0.0,0.0,0.0,0.0,0.0,0.0,0.0,0.125,0.3535533905932738
415,415,,,,,,,,,,
416,416,,,,,,,,,,
417,417,,,,,,,,,,
418,418,,,,,,,,,,
419,419,,,,,,,,,,
420,420,,,,,,,,,,
421,421,,,,,,,,,,
422,422,0.0,0.0,0.0,0.0,1.0,0.0,0.0,0.0,0.125,0.3535533905932738
423,423,,,,,,,,,,
424,424,,,,,,,,,,
425,425,,,,,,,,,,
426,426,,,,,,,,,,
427,427,,,,,,,,,,
428,428,,,,,,,,,,
429,429,1.0,0.0,0.0,0.0,0.0,0.0,0.0,0.0,0.125,0.3535533905932738
430,430,,,,,,,,,,
431,431,,,,,,,,,,
432,432,,,,,,,,,,
433,433,,,,,,,,,,
434,434,,,,,,,,,,
435,435,,,,,,,,,,
436,436,2.0,0.0,1.0,0.0,0.0,0.0,0.0,0.0,0.375,0.7440238091428449
437,437,,,,,,,,,,
438,438,,,,,,,,,,
439,439,,,,,,,,,,
440,440,,,,,,,,,,
441,441,0.0,0.0,0.0,,0.0,0.0,0.0,0.0,0.0,0.0
442,442,,,,,,,,,,
443,443,,,,,,,,,,
444,444,,,,,,,,,,
445,445,,,,,,,,,,
446,446,,,,,,,,,,
447,447,,,,,,,,,,
448,448,,,,,,,,,,
449,449,,,,,,,,,,
450,450,0.0,0.0,1.0,,0.0,1.0,4.0,1.0,1.0,1.4142135623730951
451,451,,,,,,,,,,
452,452,,,,,,,,,,
453,453,,,,,,,,,,
454,454,,,,,,,,,,
455,455,,,,,,,,,,
456,456,,,,,,,,,,
457,457,2.0,1.0,1.0,0.0,1.0,0.0,0.0,0.0,0.625,0.7440238091428449
458,458,,,,,,,,,,
459,459,,,,,,,,,,
460,460,,,,,,,,,,
461,461,,,,,,,,,,
462,462,1.0,0.0,0.0,0.0,0.0,0.0,0.0,1.0,0.25,0.4629100498862757
463,463,,,,,,,,,,
464,464,,,,,,,,,,
465,465,,,,,,,,,,
466,466,,,,,,,,,,
467,467,,,,,,,,,,
468,468,,,,,,,,,,
469,469,0.0,0.0,0.0,0.0,1.0,0.0,0.0,0.0,0.125,0.3535533905932738
470,470,,,,,,,,,,
471,471,,,,,,,,,,
472,472,,,,,,,,,,
473,473,,,,,,,,,,
474,474,,,,,,,,,,
475,475,,,,,,,,,,
476,476,0.0,0.0,0.0,0.0,0.0,1.0,0.0,1.0,0.25,0.4629100498862757
477,477,,,,,,,,,,
478,478,,,,,,,,,,
479,479,,,,,,,,,,
480,480,,,,,,,,,,
481,481,,,,,,,,,,
482,482,,,,,,,,,,
483,483,0.0,0.0,0.0,0.0,2.0,11.0,0.0,6.0,2.375,4.0686080455816125
484,484,,,,,,,,,,
485,485,,,,,,,,,,
486,486,,,,,,,,,,
487,487,,,,,,,,,,
488,488,,,,,,,,,,
489,489,0.0,0.0,0.0,0.0,0.0,0.0,0.0,1.0,0.125,0.3535533905932738
490,490,,,,,,,,,,
491,491,,,,,,,,,,
492,492,,,,,,,,,,
493,493,,,,,,,,,,
494,494,,,,,,,,,,
495,495,,,,,,,,,,
496,496,0.0,0.0,0.0,1.0,0.0,3.0,0.0,0.0,0.5,1.0690449676496976
497,497,,,,,,,,,,
498,498,,,,,,,,,,
499,499,,,,,,,,,,
500,500,,,,,,,,,,
501,501,,,,,,,,,,
502,502,,,,,,,,,,
503,503,0.0,0.0,0.0,3.0,0.0,0.0,0.0,1.0,0.5,1.0690449676496976
504,504,,,,,,,,,,
505,505,,,,,,,,,,
506,506,,,,,,,,,,
507,507,,,,,,,,,,
508,508,,,,,,,,,,
509,509,,,,,,,,,,
510,510,,,,,,,,,,
511,511,8.0,0.0,3.0,0.0,0.0,1.0,0.0,0.0,1.5,2.8284271247461903
512,512,,,,,,,,,,
513,513,,,,,,,,,,
514,514,,,,,,,,,,
515,515,,,,,,,,,,
516,516,,,,,,,,,,
517,517,,,,,,,,,,
518,518,0.0,0.0,0.0,0.0,1.0,,0.0,0.0,0.14285714285714285,0.37796447300922725
519,519,,,,,,,,,,
520,520,3.0,3.0,0.0,0.0,1.0,0.0,0.0,0.0,0.875,1.3562026818605375
521,521,,,,,,,,,,
522,522,,,,,,,,,,
523,523,,,,,,,,,,
524,524,2.0,0.0,0.0,2.0,0.0,0.0,1.0,3.0,1.0,1.1952286093343936
525,525,,,,,,,,,,
526,526,,,,,,,,,,
527,527,,,,,,,,,,
528,528,,,,,,,,,,
529,529,,,,,,,,,,
530,530,,,,,,,,,,
531,531,0.0,0.0,1.0,2.0,0.0,,0.0,2.0,0.7142857142857143,0.9511897312113418
532,532,,,,,,,,,,
533,533,,,,,,,,,,
534,534,,,,,,,,,,
535,535,,,,,,,,,,
536,536,,,,,,,,,,
537,537,,,,,,,,,,
538,538,,,,,,,,,,
539,539,,,,,,,,,,
540,540,,,,,,,,,,
541,541,1.0,0.0,0.0,1.0,1.0,,0.0,6.0,1.2857142857142858,2.138089935299395
542,542,,,,,,,,,,
543,543,,,,,,,,,,
544,544,,,,,,,,,,
545,545,,,,,,,,,,
546,546,2.0,0.0,0.0,0.0,0.0,,0.0,1.0,0.42857142857142855,0.7867957924694431
547,547,,,,,,,,,,
548,548,,,,,,,,,,
549,549,,,,,,,,,,
550,550,,,,,,,,,,
551,551,,,,,,,,,,
552,552,,,,,,,,,,
553,553,,,,,,,,,,
554,554,,,,,,,,,,
555,555,0.0,0.0,0.0,0.0,0.0,,1.0,0.0,0.14285714285714285,0.37796447300922725
556,556,,,,,,,,,,
557,557,,,,,,,,,,
558,558,,,,,,,,,,
559,559,0.0,0.0,0.0,0.0,2.0,,0.0,0.0,0.2857142857142857,0.7559289460184545
560,560,,,,,,,,,,
561,561,,,,,,,,,,
562,562,,,,,,,,,,
563,563,,,,,,,,,,
564,564,,,,,,,,,,
565,565,,,,,,,,,,
566,566,0.0,0.0,2.0,0.0,0.0,,0.0,0.0,0.2857142857142857,0.7559289460184545
567,567,,,,,,,,,,
568,568,,,,,,,,,,
569,569,,,,,,,,,,
570,570,,,,,,,,,,
571,571,,,,,,,,,,
572,572,,,,,,,,,,
573,573,7.0,0.0,0.0,0.0,0.0,,0.0,0.0,1.0,2.6457513110645907
574,574,,,,,,,,,,
575,575,,,,,,,,,,
576,576,0.0,0.0,4.0,1.0,1.0,,0.0,0.0,0.8571428571428571,1.4638501094227998
577,577,,,,,,,,,,
578,578,,,,,,,,,,
579,579,,,,,,,,,,
580,580,0.0,0.0,0.0,1.0,0.0,,0.0,0.0,0.14285714285714285,0.37796447300922725
581,581,,,,,,,,,,
582,582,,,,,,,,,,
583,583,,,,,,,,,,
584,584,,,,,,,,,,
585,585,,,,,,,,,,
586,586,,,,,,,,,,
587,587,0.0,0.0,0.0,0.0,0.0,,0.0,0.0,0.0,0.0
588,588,,,,,,,,,,
589,589,,,,,,,,,,
590,590,,,,,,,,,,
591,591,,,,,,,,,,
592,592,,,,,,,,,,
593,593,,,,,,,,,,
594,594,0.0,0.0,0.0,0.0,0.0,,0.0,0.0,0.0,0.0
595,595,,,,,,,,,,
596,596,,,,,,,,,,
597,597,,,,,,,,,,
598,598,1.0,1.0,0.0,0.0,0.0,,0.0,1.0,0.42857142857142855,0.5345224838248487
599,599,,,,,,,,,,
600,600,,,,,,,,,,
601,601,,,,,,,,,,
602,602,,,,,,,,,,
603,603,0.0,0.0,0.0,0.0,1.0,,0.0,1.0,0.2857142857142857,0.48795003647426655
604,604,,,,,,,,,,
605,605,,,,,,,,,,
606,606,,,,,,,,,,
607,607,,,,,,,,,,
608,608,1.0,0.0,0.0,0.0,0.0,,1.0,0.0,0.2857142857142857,0.48795003647426655
609,609,,,,,,,,,,
610,610,,,,,,,,,,
611,611,,,,,,,,,,
612,612,,,,,,,,,,
613,613,,,,,,,,,,
614,614,,,,,,,,,,
615,615,1.0,0.0,0.0,0.0,1.0,,0.0,0.0,0.2857142857142857,0.48795003647426655
616,616,,,,,,,,,,
617,617,,,,,,,,,,
618,618,,,,,,,,,,
619,619,0.0,0.0,2.0,0.0,1.0,,0.0,0.0,0.42857142857142855,0.7867957924694431
620,620,,,,,,,,,,
621,621,,,,,,,,,,
622,622,,,,,,,,,,
623,623,,,,,,,,,,
624,624,11.0,0.0,0.0,0.0,0.0,,9.0,2.0,3.142857142857143,4.775931721614517
625,625,,,,,,,,,,
626,626,,,,,,,,,,
627,627,,,,,,,,,,
628,628,,,,,,,,,,
629,629,0.0,0.0,1.0,0.0,0.0,,2.0,5.0,1.1428571428571428,1.864454471471609
630,630,,,,,,,,,,
631,631,,,,,,,,,,
632,632,,,,,,,,,,
633,633,0.0,0.0,0.0,0.0,0.0,,2.0,0.0,0.2857142857142857,0.7559289460184545
634,634,,,,,,,,,,
635,635,,,,,,,,,,
636,636,,,,,,,,,,
637,637,,,,,,,,,,
638,638,1.0,0.0,0.0,0.0,0.0,,1.0,2.0,0.5714285714285714,0.7867957924694432
639,639,,,,,,,,,,
640,640,0.0,0.0,0.0,0.0,0.0,,4.0,1.0,0.7142857142857143,1.4960264830861911
641,641,,,,,,,,,,
642,642,,,,,,,,,,
643,643,0.0,0.0,1.0,0.0,0.0,,0.0,0.0,0.14285714285714285,0.37796447300922725
644,644,,,,,,,,,,
645,645,,,,,,,,,,
646,646,0.0,0.0,1.0,0.0,0.0,,1.0,0.0,0.2857142857142857,0.48795003647426655
647,647,,,,,,,,,,
648,648,,,,,,,,,,
649,649,,,,,,,,,,
650,650,0.0,0.0,0.0,0.0,2.0,,0.0,0.0,0.2857142857142857,0.7559289460184545
651,651,,,,,,,,,,
652,652,0.0,0.0,1.0,0.0,1.0,,0.0,0.0,0.2857142857142857,0.48795003647426655
653,653,,,,,,,,,,
654,654,1.0,0.0,0.0,0.0,0.0,,0.0,0.0,0.14285714285714285,0.37796447300922725
655,655,,,,,,,,,,
656,656,,,,,,,,,,
657,657,1.0,0.0,1.0,0.0,0.0,,0.0,0.0,0.2857142857142857,0.4879500364742666
658,658,,,,,,,,,,
659,659,,,,,,,,,,
660,660,1.0,0.0,2.0,0.0,0.0,,0.0,0.0,0.42857142857142855,0.7867957924694431
661,661,,,,,,,,,,
662,662,,,,,,,,,,
663,663,,,,,,,,,,
664,664,,,,,,,,,,
665,665,,,,,,,,,,
666,666,4.0,0.0,1.0,0.0,1.0,,0.0,0.0,0.8571428571428571,1.4638501094227998
667,667,,,,,,,,,,
668,668,,,,,,,,,,
669,669,,,,,,,,,,
670,670,,,,,,,,,,
671,671,3.0,0.0,0.0,0.0,0.0,,0.0,0.0,0.42857142857142855,1.1338934190276817
672,672,,,,,,,,,,
673,673,,,,,,,,,,
674,674,1.0,0.0,0.0,0.0,0.0,,1.0,0.0,0.2857142857142857,0.48795003647426655
675,675,,,,,,,,,,
676,676,,,,,,,,,,
677,677,,,,,,,,,,
678,678,,,,,,,,,,
679,679,0.0,0.0,1.0,0.0,0.0,,5.0,3.0,1.2857142857142858,1.9760470401187076
680,680,,,,,,,,,,
681,681,,,,,,,,,,
682,682,0.0,0.0,3.0,0.0,0.0,,2.0,2.0,1.0,1.2909944487358056
683,683,,,,,,,,,,
684,684,,,,,,,,,,
685,685,,,,,,,,,,
686,686,1.0,0.0,0.0,0.0,0.0,,4.0,6.0,1.5714285714285714,2.4397501823713332
687,687,,,,,,,,,,
688,688,,,,,,,,,,
689,689,1.0,0.0,1.0,0.0,0.0,,6.0,0.0,1.1428571428571428,2.1930626551751344
690,690,,,,,,,,,,
691,691,,,,,,,,,,
692,692,1.0,0.0,0.0,0.0,0.0,,2.0,2.0,0.7142857142857143,0.9511897312113418
693,693,,,,,,,,,,
694,694,,,,,,,,,,
695,695,1.0,0.0,1.0,0.0,3.0,,0.0,2.0,1.0,1.1547005383792515
696,696,,,,,,,,,,
697,697,,,,,,,,,,
698,698,,,,,,,,,,
699,699,0.0,0.0,1.0,0.0,0.0,,0.0,4.0,0.7142857142857143,1.4960264830861911
700,700,,,,,,,,,,
701,701,,,,,,,,,,
702,702,0.0,0.0,0.0,0.0,0.0,,1.0,1.0,0.2857142857142857,0.4879500364742666
703,703,,,,,,,,,,
704,704,,,,,,,,,,
705,705,1.0,0.0,2.0,1.0,0.0,,2.0,1.0,1.0,0.816496580927726
706,706,,,,,,,,,,
707,707,,,,,,,,,,
708,708,0.0,0.0,0.0,0.0,3.0,,0.0,0.0,0.42857142857142855,1.1338934190276817
709,709,,,,,,,,,,
710,710,0.0,0.0,0.0,0.0,2.0,,3.0,3.0,1.1428571428571428,1.4638501094227998
711,711,,,,,,,,,,
712,712,,,,,,,,,,
713,713,,,,,,,,,,
714,714,0.0,0.0,0.0,0.0,0.0,,0.0,1.0,0.14285714285714285,0.37796447300922725
715,715,,,,,,,,,,
716,716,,,,,,,,,,
717,717,7.0,0.0,0.0,0.0,4.0,,5.0,1.0,2.4285714285714284,2.8784916685156974
718,718,,,,,,,,,,
719,719,,,,,,,,,,
720,720,,,,,,,,,,
721,721,4.0,0.0,0.0,0.0,0.0,,0.0,1.0,0.7142857142857143,1.4960264830861911
722,722,,,,,,,,,,
723,723,,,,,,,,,,
724,724,0.0,0.0,1.0,0.0,0.0,,0.0,0.0,0.14285714285714285,0.37796447300922725
725,725,,,,,,,,,,
726,726,,,,,,,,,,
727,727,,,,,,,,,,
728,728,,,,,,,,,,
729,729,,,,,,,,,,
730,730,0.0,0.0,1.0,0.0,2.0,,3.0,0.0,0.8571428571428571,1.2149857925879117
731,731,,,,,,,,,,
732,732,,,,,,,,,,
733,733,,,,,,,,,,
734,734,,,,,,,,,,
735,735,1.0,0.0,0.0,0.0,1.0,,1.0,2.0,0.7142857142857143,0.7559289460184544
736,736,,,,,,,,,,
737,737,,,,,,,,,,
738,738,3.0,0.0,0.0,0.0,0.0,,1.0,1.0,0.7142857142857143,1.1126972805283735
739,739,,,,,,,,,,
740,740,,,,,,,,,,
741,741,,,,,,,,,,
742,742,1.0,0.0,0.0,0.0,0.0,,2.0,1.0,0.5714285714285714,0.7867957924694432
743,743,,,,,,,,,,
744,744,0.0,0.0,0.0,0.0,1.0,,4.0,1.0,0.8571428571428571,1.4638501094227998
745,745,,,,,,,,,,
746,746,,,,,,,,,,
747,747,,,,,,,,,,
748,748,,,,,,,,,,
749,749,1.0,0.0,0.0,0.0,1.0,,0.0,0.0,0.2857142857142857,0.48795003647426655
750,750,,,,,,,,,,
751,751,,,,,,,,,,
752,752,0.0,0.0,0.0,0.0,6.0,,0.0,0.0,0.8571428571428571,2.2677868380553634
753,753,,,,,,,,,,
754,754,,,,,,,,,,
755,755,,,,,,,,,,
756,756,0.0,0.0,0.0,0.0,0.0,,0.0,1.0,0.14285714285714285,0.37796447300922725
757,757,,,,,,,,,,
758,758,,,,,,,,,,
759,759,0.0,0.0,0.0,0.0,0.0,,0.0,5.0,0.7142857142857143,1.889822365046136
760,760,,,,,,,,,,
761,761,,,,,,,,,,
762,762,,,,,,,,,,
763,763,,,,,,,,,,
764,764,,,,,,,,,,
765,765,0.0,1.0,0.0,0.0,0.0,,1.0,1.0,0.42857142857142855,0.5345224838248487
766,766,,,,,,,,,,
767,767,,,,,,,,,,
768,768,,,,,,,,,,
769,769,,,,,,,,,,
770,770,0.0,0.0,0.0,0.0,1.0,,0.0,0.0,0.14285714285714285,0.37796447300922725
771,771,,,,,,,,,,
772,772,,,,,,,,,,
773,773,0.0,0.0,1.0,0.0,1.0,,0.0,0.0,0.2857142857142857,0.48795003647426655
774,774,,,,,,,,,,
775,775,,,,,,,,,,
776,776,,,,,,,,,,
777,777,0.0,0.0,0.0,0.0,2.0,,0.0,1.0,0.42857142857142855,0.7867957924694431
778,778,,,,,,,,,,
779,779,,,,,,,,,,
780,780,0.0,2.0,0.0,0.0,2.0,,4.0,0.0,1.1428571428571428,1.5735915849388864
781,781,,,,,,,,,,
782,782,,,,,,,,,,
783,783,,,,,,,,,,
784,784,0.0,1.0,0.0,2.0,0.0,,0.0,0.0,0.42857142857142855,0.7867957924694431
785,785,,,,,,,,,,
786,786,,,,,,,,,,
787,787,0.0,0.0,0.0,0.0,2.0,,1.0,0.0,0.42857142857142855,0.7867957924694431
788,788,,,,,,,,,,
789,789,,,,,,,,,,
790,790,,,,,,,,,,
791,791,0.0,0.0,0.0,0.0,1.0,,0.0,7.0,1.1428571428571428,2.6095064302514777
792,792,,,,,,,,,,
793,793,,,,,,,,,,
794,794,,,,,,,,,,
795,795,0.0,0.0,0.0,0.0,1.0,,0.0,1.0,0.2857142857142857,0.48795003647426655
796,796,,,,,,,,,,
797,797,,,,,,,,,,
798,798,,,,,,,,,,
799,799,0.0,0.0,0.0,0.0,2.0,,0.0,1.0,0.42857142857142855,0.7867957924694431
800,800,,,,,,,,,,
801,801,0.0,0.0,0.0,0.0,7.0,,0.0,0.0,1.0,2.6457513110645907
802,802,,,,,,,,,,
803,803,,,,,,,,,,
804,804,,,,,,,,,,
805,805,,,,,,,,,,
806,806,,,,,,,,,,
807,807,0.0,0.0,0.0,0.0,1.0,,0.0,0.0,0.14285714285714285,0.37796447300922725
808,808,,,,,,,,,,
809,809,,,,,,,,,,
810,810,,,,,,,,,,
811,811,,,,,,,,,,
812,812,0.0,0.0,0.0,0.0,1.0,,1.0,0.0,0.2857142857142857,0.48795003647426655
813,813,,,,,,,,,,
814,814,,,,,,,,,,
815,815,,,,,,,,,,
816,816,,,,,,,,,,
817,817,,,,,,,,,,
818,818,0.0,0.0,0.0,0.0,0.0,,0.0,0.0,0.0,0.0
819,819,,,,,,,,,,
820,820,,,,,,,,,,
821,821,,,,,,,,,,
822,822,0.0,0.0,0.0,0.0,2.0,,2.0,0.0,0.5714285714285714,0.9759000729485331
823,823,,,,,,,,,,
824,824,,,,,,,,,,
825,825,,,,,,,,,,
826,826,,,,,,,,,,
827,827,0.0,0.0,0.0,0.0,0.0,,0.0,0.0,0.0,0.0
828,828,,,,,,,,,,
829,829,,,,,,,,,,
830,830,,,,,,,,,,
831,831,,,,,,,,,,
832,832,0.0,,0.0,1.0,0.0,,1.0,0.0,0.3333333333333333,0.5163977794943223
833,833,,,,,,,,,,
834,834,,,,,,,,,,
835,835,,,,,,,,,,
836,836,,,,,,,,,,
837,837,,,,,,,,,,
838,838,,,,,,,,,,
839,839,0.0,,0.0,0.0,1.0,,0.0,0.0,0.16666666666666666,0.408248290463863
840,840,,,,,,,,,,
841,841,,,,,,,,,,
842,842,0.0,,0.0,0.0,0.0,,0.0,2.0,0.3333333333333333,0.816496580927726
843,843,,,,,,,,,,
844,844,,,,,,,,,,
845,845,,,,,,,,,,
846,846,,,,,,,,,,
847,847,,,,,,,,,,
848,848,0.0,,0.0,0.0,,,0.0,0.0,0.0,0.0
849,849,,,,,,,,,,
850,850,0.0,,0.0,0.0,,,0.0,0.0,0.0,0.0
851,851,,,,,,,,,,
852,852,,,,,,,,,,
853,853,,,,,,,,,,
854,854,0.0,,0.0,0.0,,,0.0,3.0,0.6,1.3416407864998738
855,855,,,,,,,,,,
856,856,0.0,,0.0,2.0,,,0.0,1.0,0.6,0.8944271909999159
857,857,,,,,,,,,,
858,858,,,,,,,,,,
859,859,,,,,,,,,,
860,860,,,,,,,,,,
861,861,,,,,,,,,,
862,862,0.0,,0.0,1.0,,,0.0,0.0,0.2,0.44721359549995804
863,863,,,,,,,,,,
864,864,,,,,,,,,,
865,865,,,,,,,,,,
866,866,,,,,,,,,,
867,867,,,,,,,,,,
868,868,,,,,,,,,,
869,869,0.0,,2.0,0.0,,,0.0,0.0,0.4,0.8944271909999161
870,870,,,,,,,,,,
871,871,,,,,,,,,,
872,872,,,,,,,,,,
873,873,,,,,,,,,,
874,874,0.0,,0.0,0.0,,,0.0,2.0,0.4,0.894427190999916
875,875,,,,,,,,,,
876,876,,,,,,,,,,
877,877,0.0,,0.0,0.0,,,0.0,0.0,0.0,0.0
878,878,,,,,,,,,,
879,879,,,,,,,,,,
880,880,0.0,,0.0,0.0,,,0.0,0.0,0.0,0.0
881,881,,,,,,,,,,
882,882,,,,,,,,,,
883,883,,,,,,,,,,
884,884,,,,,,,,,,
885,885,,,,,,,,,,
886,886,0.0,,0.0,0.0,,,0.0,,0.0,0.0
887,887,,,,,,,,,,
888,888,,,,,,,,,,
889,889,,,,,,,,,,
890,890,,,,,,,,,,
891,891,,,,,,,,,,
892,892,1.0,,1.0,0.0,,,0.0,,0.5,0.5773502691896257
893,893,,,,,,,,,,
894,894,,,,,,,,,,
895,895,,,,,,,,,,
896,896,,,,,,,,,,
897,897,,,,,,,,,,
898,898,0.0,,2.0,0.0,,,0.0,,0.5,1.0
899,899,,,,,,,,,,
900,900,,,,,,,,,,
901,901,,,,,,,,,,
902,902,,,,,,,,,,
903,903,,,,,,,,,,
904,904,0.0,,0.0,0.0,,,0.0,,0.0,0.0
905,905,,,,,,,,,,
906,906,,,,,,,,,,
907,907,,,,,,,,,,
908,908,,,,,,,,,,
909,909,,,,,,,,,,
910,910,0.0,,0.0,0.0,,,0.0,,0.0,0.0
911,911,,,,,,,,,,
912,912,,,,,,,,,,
913,913,,,,,,,,,,
914,914,,,,,,,,,,
915,915,,,,,,,,,,
916,916,,,,,,,,,,
917,917,0.0,,0.0,0.0,,,0.0,,0.0,0.0
918,918,,,,,,,,,,
919,919,,,,,,,,,,
920,920,0.0,,0.0,0.0,,,0.0,,0.0,0.0
921,921,,,,,,,,,,
922,922,,,,,,,,,,
923,923,,,,,,,,,,
924,924,,,,,,,,,,
925,925,,,,,,,,,,
926,926,0.0,,0.0,0.0,,,0.0,,0.0,0.0
927,927,,,,,,,,,,
928,928,,,,,,,,,,
929,929,,,,,,,,,,
930,930,,,,,,,,,,
931,931,,,,,,,,,,
932,932,0.0,,0.0,0.0,,,0.0,,0.0,0.0
933,933,,,,,,,,,,
934,934,,,,,,,,,,
935,935,,,,,,,,,,
936,936,,,,,,,,,,
937,937,,,,,,,,,,
938,938,0.0,,0.0,0.0,,,0.0,,0.0,0.0
939,939,,,,,,,,,,
940,940,,,,,,,,,,
941,941,,,,,,,,,,
942,942,,,,,,,,,,
943,943,,,,,,,,,,
944,944,0.0,,0.0,0.0,,,,,0.0,0.0
945,945,,,,,,,,,,
946,946,,,,,,,,,,
947,947,0.0,,0.0,0.0,,,,,0.0,0.0
948,948,,,,,,,,,,
949,949,,,,,,,,,,
950,950,,,,,,,,,,
951,951,,,,,,,,,,
952,952,,,,,,,,,,
953,953,0.0,,1.0,0.0,,,,,0.3333333333333333,0.5773502691896258
954,954,,,,,,,,,,
955,955,,,,,,,,,,
956,956,,,,,,,,,,
957,957,,,,,,,,,,
958,958,,,,,,,,,,
959,959,0.0,,0.0,0.0,,,,,0.0,0.0
960,960,,,,,,,,,,
961,961,,,,,,,,,,
962,962,,,,,,,,,,
963,963,,,,,,,,,,
964,964,0.0,,0.0,0.0,,,,,0.0,0.0
965,965,,,,,,,,,,
966,966,,,,,,,,,,
967,967,,,,,,,,,,
968,968,0.0,,,,,,,,0.0,
969,969,,,,,,,,,,
970,970,,,,,,,,,,
971,971,,,,,,,,,,
972,972,,,,,,,,,,
973,973,,,,,,,,,,
974,974,0.0,,,,,,,,0.0,
975,975,,,,,,,,,,
976,976,,,,,,,,,,
977,977,,,,,,,,,,
978,978,,,,,,,,,,
979,979,0.0,,,,,,,,0.0,
980,980,,,,,,,,,,
981,981,,,,,,,,,,
982,982,,,,,,,,,,
983,983,0.0,,,,,,,,0.0,
984,984,,,,,,,,,,
985,985,,,,,,,,,,
986,986,,,,,,,,,,
987,987,,,,,,,,,,
988,988,,,,,,,,,,
989,989,0.0,,,,,,,,0.0,
990,990,,,,,,,,,,
991,991,,,,,,,,,,
992,992,,,,,,,,,,
993,993,,,,,,,,,,
994,994,,,,,,,,,,
995,995,0.0,,,,,,,,0.0,
996,996,,,,,,,,,,
997,997,,,,,,,,,,
998,998,,,,,,,,,,
999,999,,,,,,,,,,
1000,1000,,,,,,,,,,
1001,1001,0.0,,,,,,,,0.0,
1002,1002,,,,,,,,,,
1003,1003,,,,,,,,,,
1004,1004,0.0,,,,,,,,0.0,
1005,1005,,,,,,,,,,
1006,1006,,,,,,,,,,
1007,1007,,,,,,,,,,
1008,1008,,,,,,,,,,
1009,1009,,,,,,,,,,
1010,1010,0.0,,,,,,,,0.0,
1011,1011,,,,,,,,,,
1012,1012,,,,,,,,,,
1013,1013,,,,,,,,,,
1014,1014,,,,,,,,,,
1015,1015,,,,,,,,,,
1016,1016,0.0,,,,,,,,0.0,
1017,1017,,,,,,,,,,
1018,1018,,,,,,,,,,
1019,1019,,,,,,,,,,
1020,1020,,,,,,,,,,
1021,1021,,,,,,,,,,
1022,1022,0.0,,,,,,,,0.0,
1023,1023,,,,,,,,,,
1024,1024,,,,,,,,,,
1025,1025,,,,,,,,,,
1026,1026,,,,,,,,,,
1027,1027,,,,,,,,,,
1028,1028,0.0,,,,,,,,0.0,
1029,1029,0.0,,,,,,,,0.0,
1030,1030,,,,,,,,,,
1031,1031,,,,,,,,,,
1032,1032,,,,,,,,,,
1033,1033,,,,,,,,,,
1034,1034,,,,,,,,,,
1035,1035,0.0,,,,,,,,0.0,
1036,1036,,,,,,,,,,
1037,1037,,,,,,,,,,
1038,1038,,,,,,,,,,
1039,1039,0.0,,,,,,,,0.0,
1040,1040,,,,,,,,,,
1041,1041,,,,,,,,,,
1042,1042,,,,,,,,,,
1043,1043,,,,,,,,,,
1044,1044,0.0,,,,,,,,0.0,
